129
160
162
162
168
180
289
290
316
316
318
318
319
319
319
319
362
368
380
389
620
629
680
680
680
689
689
690
710
710
710
716
716
718
719
720
728
729
729
729
729
729
731
736
760
762
762
769
790
890

          3 7 < 1 > 0 2 6 8 9
      1 3 6 7 < 2 > 0 8 9
            7 < 3 > 0 1 2 6 8 9
        1 3 7 < 6 > 0 2 8 9
              < 7 > 0 1 2 3 6 8 9
    1 2 3 6 7 < 8 > 0 9
    1 2 3 6 8 < 9 > 0
1 6 8 2 9 3 7 < 0 >



          3 7 < 1 > 0 2 6 8 9
      1 3 6 7 < 2 > 0 8 9
            7 < 3 > 0 1 2 6 8 9
        1 3 7 < 6 > 0 2 8 9
              < 7 > 0 1 2 3 6 8 9
    1 2 3 6 7 < 8 > 0 9
    1 2 3 6 8 < 9 > 0
1 6 8 2 9 3 7 < 0 >

73162890
